<!DOCTYPE html>
<html lang="ja">
    <head>
        <meta charset="UTF-8" keyword="CodeEditorJavaScript">
        <title>Code Editor -JavaScript-</title>
        <link rel="stylesheet" type="text/css" media="all" href="common/css/slick-theme.css">
        <link rel="stylesheet" type="text/css" media="all" href="common/css/slick.css">
        <link rel="stylesheet" type="text/css" media="all" href="lib/codemirror.css">
        <link rel="stylesheet" type="text/css" media="all" href="common/css/index_style.css">
        <link rel="stylesheet" type="text/css" media="all" href="addon/fold/foldgutter.css">
        <link rel="stylesheet" type="text/css" media="all" href="theme/3024-night.css">
        <script type="text/javascript" src="lib/codemirror.js"></script>
        <script type="text/javascript" src="addon/edit/matchbrackets.js"></script>
        <script type="text/javascript" src="addon/comment/continuecomment.js"></script>
        <script type="text/javascript" src="addon/comment/comment.js"></script>
        <script type="text/javascript" src="addon/fold/foldcode.js"></script>
        <script type="text/javascript" src="addon/fold/foldgutter.js"></script>
        <script type="text/javascript" src="addon/fold/brace-fold.js"></script>
        <script type="text/javascript" src="addon/fold/xml-fold.js"></script>
        <script type="text/javascript" src="addon/fold/indent-fold.js"></script>
        <script type="text/javascript" src="addon/fold/markdown-fold.js"></script>
        <script type="text/javascript" src="addon/fold/comment-fold.js"></script>
        <script type="text/javascript" src="common/javascript/javascript.js"></script>
        <script type="text/javascript" src="common/js/jquery-3.1.0.min.js"></script>
        <script type="text/javascript" src="common/js/slick.min.js"></script>
        <script type="text/javascript" src="common/js/structure.js"></script>
        <link href="https://use.fontawesome.com/releases/v5.0.6/css/all.css" rel="stylesheet">
        <style type="text/css">.CodeMirror {border-top: 1px solid  black; border-bottom: 1px solid black;}</style>
    </head>
    <body onload="loadScreen()", oncopy="return false", onpaste="return false", oncontextmenu="return false">
        <div id="container">
            <div id="header">
                <table>
                    <!-- 比較スタイル '1' -->
                    <td><h2>Code Editor -JavaScript-</h2></td>
                    <td>&nbsp;&nbsp;&nbsp;&nbsp;&nbsp;&nbsp;&nbsp;&nbsp;</td>
                    <td><br>
                        <h2>乗算表</h2>
                    </td>
                </table>
                <div style="float: right; margin-right: 100px">
                    <h3 id="result">経過時間：</h3><input type="text" id="durationTime" disabled />
                    &nbsp;&nbsp;&nbsp;&nbsp;&nbsp;&nbsp;&nbsp;&nbsp;&nbsp;&nbsp;&nbsp;&nbsp;&nbsp;&nbsp;&nbsp;&nbsp;
                    <a href="js_menu.html" class="wide-btn" id="backmenu-btn">メニューへ戻る</a>
                </div>
            </div> 
            <div id="left">
                <!-- Question Area -->
                <div id="left-box">
                    <p>左上の角が 1 X 1、右下の角が 12 X 12 となる乗算表を作りましょう。</p>
                    <pre>
001 002 003 004 005 006 007 008 009 010 011 012
002 004 006 008 010 012 014 016 018 020 022 024
003 006 009 012 015 018 021 024 027 030 033 036
004 008 012 016 020 024 028 032 036 040 044 048
005 010 015 020 025 030 035 040 045 050 055 060
006 012 018 024 030 036 042 048 054 060 066 072
007 014 021 028 035 042 049 056 063 070 077 084
008 016 024 032 040 048 056 064 072 080 088 096
009 018 027 036 045 054 063 072 081 090 099 108
010 020 030 040 050 060 070 080 090 100 110 120
011 022 033 044 055 066 077 088 099 110 121 132
012 024 036 048 060 072 084 096 108 120 132 144

                    </pre>
                    <p>数値が３桁揃え（0埋め）になっていることに注意しましょう。</p>
                    <p>では、挑戦して下さい。</p>
                </div>
                <div id="slide-btn">
                    <div id="maru-image"><img src="images/maru.png" alt="maru" align="middle" /></div>
                    <div id="batsu-image"><img src="images/batsu.png" alt="batsu" align="middle" /></div>
                    <div id="one-image"><img src="images/one.png" alt="1" align="middle" /></div>
                    <div id="two-image"><img src="images/two.png" alt="2" align="middle" /></div>
                    <div id="three-image"><img src="images/three.png" alt="3" align="middle" /></div>
                </div><br>                     
                <!-- Text Area -->
                <div id="code-main">エディット画面
                    <div id="code_editor">
                        <form><textarea id="code" name="code">
&lt;!DOCTYPE html&gt;
&lt;html lang="ja"&gt;
    &lt;meta charset="UTF-8"&gt;
    &lt;script&gt;
        // ↓ Input your code from here!! ↓
        for(var i=1; i < 13; i++) {
            for(var j=1; j < 13; j++) {
                var res = i * j;
                document.write(("00" + res).substr(-3) + " ");
            }
            document.write("<br>");
        }
        // ↑ Input your code to here!! ↑
    &lt;/script&gt;
&lt;/html&gt;
                        </textarea></form>
                    </div>
                    <div id="code-sub">
                        <a href="#" class="wide-btn" id="makeCode" onclick="countDown();">コードを作成</a>
                        &nbsp;&nbsp;&nbsp;&nbsp;
                        <a href="#" class="wide-btn" id="remakeCode" onclick="fnReload();">最初からやり直す</a>
                        &nbsp;&nbsp;&nbsp;&nbsp;
                        <a href="#" class="wide-btn" id="runCode" onclick="updatePreview('js', '1');">コードを実行</a>
                        &nbsp;&nbsp;&nbsp;&nbsp;
                    </div>
                    <input type="hidden" size="10" id="countTimer">
                </div>
                <!-- Text Area End -->
            </div>
            <div id="right">
                <!-- Preview Area -->
                <div id="preview-title">
                    <h3>出力値</h3>
                </div>
                <iframe id="preview"></iframe>
                <script>
                    var delay;
                    var editor = CodeMirror.fromTextArea(document.getElementById("code"), {
                        mode: "javascript",
                        lineNumbers: true,
                        matchBrackets: true,
                        continueComments: "Enter",
                        extraKeys: {"Ctrl-Q": function(cm){ cm.foldCode(cm.getCursor()); }},
                        indentUnit: 4,
                        indentWithTabs: true,
                        enterMode: "keep",
                        tabMode: "shift",
                        theme: "3024-night",
                        foldGutter: true,
                        gutters: ["CodeMirror-linenumbers", "CodeMirror-foldgutter"]
                    });
                            
                    editor.foldCode(CodeMirror.Pos(13,0));
                </script>
                <div id="clear"></div>
                <!-- SuccessView Area -->
                <div id="success-title">
                    <h3>期待する出力値</h3>
                </div>
                <div id="successview">
001 002 003 004 005 006 007 008 009 010 011 012 <br>
002 004 006 008 010 012 014 016 018 020 022 024 <br>
003 006 009 012 015 018 021 024 027 030 033 036 <br>
004 008 012 016 020 024 028 032 036 040 044 048 <br>
005 010 015 020 025 030 035 040 045 050 055 060 <br>
006 012 018 024 030 036 042 048 054 060 066 072 <br>
007 014 021 028 035 042 049 056 063 070 077 084 <br>
008 016 024 032 040 048 056 064 072 080 088 096 <br>
009 018 027 036 045 054 063 072 081 090 099 108 <br>
010 020 030 040 050 060 070 080 090 100 110 120 <br>
011 022 033 044 055 066 077 088 099 110 121 132 <br>
012 024 036 048 060 072 084 096 108 120 132 144 <br>
                </div>
                <!-- Hint Area -->
                <div id="hint-box">
                    <b>ヒント</b><br>
                    ・ノーヒントで頑張って下さい<br>
                </div>
            </div>
        </div>
    </body>
</html>